12.93664 -28.04573
7.041116 12.98588
15.85045 -13.03871
-30 -16
-29 -4
11.75807 -16.71884
-18 -39
41 0
26 -12
-24 -26
28 -37
16 -37
32 -27
31 -46
25 6
29 -7
-34 -48
-9 -40
17.04165 -17.73949
14 -28
18 -12
-11 -8
-12.99999 -2
-30.99999 -39
30 -7
-6.000002 9.999996
9.2523 -5.51882
-33.20153 22.42508
42 -26
44 -23
-7.568678 10.67304
12.9377 -28.04679
0.2502251 -22.18261
22.81974 -15.37539
6.909284 -12.5199
-28.34165 -59.05515
-27.743 -62.23343
-62.87473 -18.77894
-45.80941 -3.075767
-57.71645 -13.83222
-61.70206 -7.149314
-9.290762 9.85783
1.190389 -0.2642542
1.612528 -14.86699
22.45087 -4.756414
14.08378 -6.854567
13.2359 -19.40043
14.22941 -9.592951
15.60056 -2.258941
37.71085 -15.28346
-25.05831 -4.533974
-27.27776 -38.40248
-38.95329 -23.61137
14.12856 -14.54791
-2 -32
10 6
2.829767 -14.1664
17.47564 5.389815
17.43646 10.3955
26 -5
12.37274 -17.98929
9.119999 -4.720547
-3.418573 -18.35361
-19.88037 -45.45325
1 -43
27 -22
44 -7
-57.27723 -23.3123
-42.72003 -50.11158
-66.57699 -62.84106
-48.64001 -57.14576
-48.75425 -51.26122
11.44884 -16.67505
-4.825567 4.184254
6.96494 -6.93506
2.125593 -7.529484
22.29878 -14.15674
13.63016 -1.799041
8.785494 -7.913107
-31.44531 20.52957
5.086287 -4.49007
11.11907 -9.157026
-27.46241 -38.62541
20.67398 -10.19461
36.91679 -15.81321
9.696832 -5.02816
7.611012 -16.53615
-32.15891 -45.12725
-35.97863 -38.81863
-24.2649 15.37151
-8.563097 8.345352
-11.37276 9.023177
-3.868326 -12.08647
5.195314 -10.31926
10.35706 1.479499
11.33049 -3.643466
11.06246 -15.15731
14.811 -4.806088
8.599257 -17.85303
32.09922 -14.6018
-45.34361 -24.71558
-57.11676 2.99973
29 -4
-12 0
-20 0
-31 -30
-42.74705 22.84085
-45.91632 18.18025
-34.41102 23.88112
-60.37965 7.578433
36 -15
-27 7
-18 -40
24 -33
0 -38
-53.73547 10.31914
11.78749 -6.644641
23.79587 -9.563743
45 -26
1 -43
-12 1
30 -42
-7 -41
18.41292 -12.33613
17.45772 -11.02194
8.589284 -11.2409
0.7736382 24.16119
-46.47483 -52.52673
-23.85487 -53.34118
40 -36
-9 -10
3 -2
34 -29
43 -45
-1 -20
35 6
10.77022 -30.21216
-6.039522 -20.05486
14.25513 -9.531139
-35.07403 18.79794
-62.6161 6.717195
-35.79047 20.22532
55.08306 -51.98953
51.10359 -42.02708
5.048128 -24.23531
45.84713 -76.3081
13.03407 7.138556
-29.98606 -35.26311
-57.35283 -44.66337
-8 -40
-5 7
-29 -9
-29 -46
-14 -1
-5 -14
-13.66358 -35.202
17 -2
39 -28
21 -29
28 -32
-10 -6.999996
47.99999 -28
-31.33651 -56.28505
-54.807 12.72585
-53.30121 12.57686
14.20635 -15.67071
-41.3537 26.03902
-5.978819 14.39812
-65.93752 4.621798
-8 -37
40 -5
-16 -19
49 6
28 -46
10 -18
9 -9
26 -33
32 -4
-63.61584 7.547915
21.03628 -12.90841
-38.21218 20.83967
19.6915 -12.81977
20.50051 -25.2811
-54.0461 9.173582
-48.39319 15.95316
1 -13
-28 3
15 -48
39 -48
34 -47
-33 -39
41 -17
46 -29
-17 -20
-15 -8
-61.86753 6.999347
-51.02419 -1.390192
-66.06883 6.540367
-47.91808 17.65814
-33.04632 -58.20098
38 -20
-11 -21
-14 -49
6 -4
29 -24
-5 -7
34 10
-24 2
-60.13858 -5.149195
-41.08152 20.05516
-3.686838 4.777145
7.90877 -4.690413
17.16283 -20.6183
-52.2488 -6.840189
-59.30265 -1.090562
-0.7246493 -47.88919
14.17781 -29.28712
21.37166 -16.90416
6.695238 8.767362
-31.47408 21.16054
14.50871 -6.518491
39.90414 -6.029457
4.741897 -13.94192
-54.56473 -3.471428
-37.0786 17.86593
-52.09099 2.555593
-34.98407 18.62224
20.53925 -25.24236
-27.98928 -39.49207
-32.90071 -53.48985
25.4159 -75.9314
9.558716 -18.91304
13.19789 -17.75128
19.24073 -8.96007
25.27045 -51.74276
5.63011 -17.34271
-21.92706 21.27081
-53.95473 12.24477
-42.56894 15.47951
-50.23389 13.25316
-53.60302 13.47876
-82.65606 17.04486
3.527082 -62.29644
11.4836 3.539119
-41.50259 24.84213
-6.9522 3.945858
9.063057 -14.73687
14.14034 -15.53628
14.80447 -17.1092
-29.26202 32.64111
5.783301 -15.66077
0.5358375 -5.48701
-36.01197 22.6332
22.05241 -15.04418
-10.70498 6.180727
-38.4129 -53.76775
14.75254 -9.299169
-0.8426564 2.49625
8.534085 -10.73278
6.455772 1.198519
5.748502 0.571699
-59.34654 -0.07649899
-64.93845 -1.222573
17.81511 -5.067101
13.76734 -11.74022
-33.44404 28.45753
22.74693 -27.13112
17.06447 -14.35886
-17.0629 13.32499
-37.74401 23.62498
-3.395256 3.583836
15.3823 -5.534656
13.04033 7.754224
24.35277 6.253401
-10.29373 -8.975842
53.51365 -53.73478
59.26921 -54.76741
15.11955 -11.10984
-1.076218 -2.081428
9.767923 -10.2884
-26.64223 -0.3989084
-11.59599 10.64962
-1.261167 -46.34935
-32.20947 -6.463134
-32.90087 -9.068136
-34.87296 -5.214794
-31.44143 -3.518813
17.41191 -30.22511
0.93262 -46.49478
33.71369 -21.06296
38.5753 -16.60037
0.03832962 -46.13789
18.96541 -31.02692
-24.47516 4.629916
-41.04152 -11.54782
19.00325 -31.87162
-41.00683 -54.67909
-37.15582 -54.7247
-24.47029 -46.08975
29.99973 -22.06869
-39.02988 -16.43336
-32.98718 0.8640119
-29.68379 -4.458618
-22.76023 0.2771764
-30.28874 -10.39028
40.63044 -13.75953
42.75608 -10.46539
38.72379 -14.09031
-26.52052 -0.9555626
-6.097486 21.16558
40.8526 -6.376056
42.92189 -16.08449
0.8647981 -47.03939
-33.78859 -7.473149
36.01004 -14.6409
-4.910501 -49.41728
-23.54254 -0.02085197
32.58324 -21.24265
28.80776 -23.22999
-2.426229 -47.3489
-25.20062 3.73413
-36.75183 -17.70957
40.76656 -10.68026
-39.55247 -13.78477
-35.69399 -9.471245
44.63034 -12.59246
-28.15698 -1.401503
43.27505 -11.60155
-28.5667 -3.538958
31.21358 -21.30062
-1.183685 -47.64055
-0.3393848 -49.85419
-3.30702 -47.8028
-31.98792 -17.50583
-62.19611 -6.215573
-58.24135 -26.55571
-47.97491 -5.768233
28.94712 -18.32729
-47.66859 -9.911576
20.41087 -31.5977
-47.15288 -3.625485
29.65712 -17.08701
-46.86905 22.25413
-40.54718 -13.35312
-47.53136 -15.47263
-38.06041 40.97961
-47.76711 -18.47307
-27.85473 -12.28422
-26.46121 -35.154
-29.34721 -36.43863
-65.86823 -44.91409
-32.47083 -13.49717
7.858957 -33.15387
14.20285 10.40285
-47.6 6.6
-20.91283 -3.620644
4.15153 -13.92893
-47.6 6.6
31.79787 -21.44673
12.24863 -26.60757
-47.6 6.6
18.8 -42.5
2.986975 -11.71626
-29 -26
34 -31
25 4
-47.6 6.6
21.59327 -27.77033
10.23069 -8.571094
14.51382 -17.6208
-47.6 6.6
-47.6 6.6
14.51382 -17.6208
14.51382 -17.6208
22.23419 -44.34834
-47.6 6.6
-18.80428 -5.362381
19.99485 -27.48012
19.17212 -27.40443
13.05618 -16.5992
18 -30
-22 -45
14.51382 -17.6208
2 -32
40 1
-29.77468 -3.594341
-31.87845 -12.38823
12.84919 -30.691
15.99894 -17.6208
38.53952 -55.40533
13.05618 -16.5992
14.51382 -17.6208
-68.57966 25.99949
21.60653 -24.68607
25.97884 -18.85348
25.09719 -22.63384
22.65111 -25.58112
26.53507 -21.82753
29.99954 -28.50752
22.05647 -23.10358
24.96901 -23.7085
1.624742 -44.67543
23.82837 -18.01911
-47.6 6.6
-2.894867 -7.134506
-47.6 6.6
-2.962864 -5.884943
-47.6 6.6